military_id,sightings_id,distance_miles
1.0,409.0,8.124844584632315
1.0,410.0,8.140680584443587
1.0,994.0,8.140680584443587
1.0,1714.0,8.935153616587314
1.0,2650.0,8.140680584443587
1.0,2749.0,8.140680584443587
1.0,7034.0,8.140680584443587
1.0,9428.0,8.140680584443587
1.0,10175.0,8.140680584443587
1.0,11242.0,8.124844584632315
1.0,14671.0,5.028462095034338
1.0,17952.0,8.140680584443587
1.0,18626.0,8.140680584443587
1.0,18716.0,8.935153616587314
1.0,18999.0,8.140680584443587
1.0,21690.0,8.140680584443587
1.0,21907.0,0.9038963795154779
1.0,22253.0,8.140680584443587
2.0,409.0,8.262180872258222
2.0,410.0,9.909657952678407
2.0,994.0,9.909657952678407
2.0,2650.0,9.909657952678407
2.0,2749.0,9.909657952678407
2.0,7034.0,9.909657952678407
2.0,9428.0,9.909657952678407
2.0,10175.0,9.909657952678407
2.0,11242.0,8.262180872258222
2.0,14671.0,5.806996890125312
2.0,17952.0,9.909657952678407
2.0,18626.0,9.909657952678407
2.0,18999.0,9.909657952678407
2.0,21690.0,9.909657952678407
2.0,21907.0,2.5818602028264626
2.0,22253.0,9.909657952678407
3.0,3691.0,8.481139167221249
3.0,14671.0,8.964710513929536
3.0,15528.0,3.8155232509940347
3.0,17361.0,5.2784732135417
4.0,1533.0,8.231621122337526
4.0,2716.0,6.373500048910032
4.0,4269.0,6.373500048910032
4.0,5625.0,8.231621122337526
4.0,7853.0,6.373500048910032
4.0,8163.0,8.231621122337526
4.0,8862.0,6.373500048910032
4.0,8911.0,6.373500048910032
4.0,9930.0,6.373500048910032
4.0,12744.0,6.373500048910032
4.0,15363.0,6.373500048910032
4.0,15461.0,6.373500048910032
4.0,15462.0,6.373500048910032
4.0,16811.0,8.231621122337526
4.0,18762.0,6.373500048910032
4.0,19216.0,8.231621122337526
4.0,20108.0,8.231621122337526
4.0,20112.0,8.231621122337526
4.0,21427.0,6.373500048910032
